0.000000000000000000e+00 5.626990000000000691e+02 5.646227732078143617e+02
1.000000000000000000e+00 6.940000000000000000e+02 7.045724303786108749e+02
2.000000000000000000e+00 1.433000000000000114e+02 1.421438653109697157e+02
3.000000000000000000e+00 8.959899999999998954e+01 8.843605245550770633e+01
4.000000000000000000e+00 1.002999999999999972e+02 1.036575826521091983e+02
5.000000000000000000e+00 3.600000000000000533e+00 2.975463883860793413e+00
6.000000000000000000e+00 2.000000000000000000e+00 2.989263938813877530e+00
7.000000000000000000e+00 4.001019999999999754e+02 4.052571386654470302e+02
8.000000000000000000e+00 8.900000000000000355e+00 8.677626934320722185e+00
9.000000000000000000e+00 3.799999999999999822e+00 3.952743885443892768e+00
1.000000000000000000e+01 3.100000000000000355e+01 3.098154153503998032e+01
1.100000000000000000e+01 3.377000000000000455e+02 3.452058055911479642e+02
1.200000000000000000e+01 1.960000000000000142e+01 1.948825532567914820e+01
1.300000000000000000e+01 7.000000000000000000e+00 7.236554682454881871e+00
1.400000000000000000e+01 5.299999999999999822e+00 5.170254132239612055e+00
1.500000000000000000e+01 4.700000000000001066e+00 5.616190916795091859e+00
1.600000000000000000e+01 7.199999999999999289e+00 8.722975592012158330e+00
1.700000000000000000e+01 3.800000000000000266e+00 4.810146963697000899e+00
1.800000000000000000e+01 6.691240000000000236e+02 6.995123768803910025e+02
1.900000000000000000e+01 1.709999999999999787e+01 1.793509314503799956e+01
2.000000000000000000e+01 1.669999999999999929e+01 1.761239332739244290e+01
2.100000000000000000e+01 4.946000000000000227e+02 4.235128823044580031e+02
2.200000000000000000e+01 4.380000000000000000e+02 4.326221750201117402e+02
2.300000000000000000e+01 2.332009999999999934e+02 2.081918475688554224e+02
2.400000000000000000e+01 6.500000000000000000e+00 3.752245108160613629e+00
2.500000000000000000e+01 5.699999999999999289e+00 3.606848850582920374e+00
2.600000000000000000e+01 8.210990000000000464e+02 7.265344847754614648e+02
2.700000000000000000e+01 1.280989999999999895e+02 1.190256443986620667e+02
2.800000000000000000e+01 3.974000000000000341e+02 3.607988716574962496e+02
2.900000000000000000e+01 1.319900000000000162e+01 1.141803290907611057e+01
3.000000000000000000e+01 3.563999999999999773e+02 3.248088037007103708e+02
3.100000000000000000e+01 1.040999999999999943e+02 9.195961813030392307e+01
3.200000000000000000e+01 1.159999999999999964e+01 1.049082875993001629e+01
3.300000000000000000e+01 2.035000000000000000e+02 1.815584531070918501e+02
3.400000000000000000e+01 4.200000000000000178e+00 4.039339949252439332e+00
3.500000000000000000e+01 1.109000000000000057e+02 9.953763030538418377e+01
3.600000000000000000e+01 9.100000000000000000e+01 7.977330644508286639e+01
3.700000000000000000e+01 7.299999999999999822e+00 6.877319644227511297e+00
3.800000000000000000e+01 7.100000000000001421e+00 6.752868830005426481e+00
3.900000000000000000e+01 7.000000000000000000e+01 6.581088990811511508e+01
4.000000000000000000e+01 5.162690000000000055e+02 4.693820834597678413e+02
4.100000000000000000e+01 1.290099999999999802e+01 1.171978537492013039e+01
4.200000000000000000e+01 6.480299999999999727e+01 5.205399471124726318e+01
4.300000000000000000e+01 7.099999999999999645e+00 6.702292106295876017e+00
4.400000000000000000e+01 6.600000000000000533e+00 6.137425277908637788e+00
4.500000000000000000e+01 8.301000000000001933e+00 9.992351567954544933e+00
4.600000000000000000e+01 8.599999999999999645e+00 7.968750543728670976e+00
4.700000000000000000e+01 1.960000000000000142e+01 1.863567500042661607e+01
4.800000000000000000e+01 7.715000000000000000e+02 6.759613959018914784e+02
4.900000000000000000e+01 2.247666999999999916e+03 1.891063598354709939e+03
5.000000000000000000e+01 2.899500000000000000e+03 2.326363207936342405e+03
5.100000000000000000e+01 8.621000000000000227e+02 7.241194942774570791e+02
5.200000000000000000e+01 4.556960000000000264e+02 3.831208599196337445e+02
5.300000000000000000e+01 4.700000000000001066e+00 2.802401898126435142e+00
5.400000000000000000e+01 4.449800000000000466e+01 3.756790543116437675e+01
5.500000000000000000e+01 1.662000000000000099e+01 1.231611457655029795e+01
5.600000000000000000e+01 2.600000000000000089e+00 2.220435968622251455e+00
5.700000000000000000e+01 5.181000000000000938e+00 6.505834021825488200e+00
5.800000000000000000e+01 2.579009999999999536e+02 2.239372739878534446e+02
5.900000000000000000e+01 4.799999999999999822e+00 3.539591830736053435e+00
6.000000000000000000e+01 5.599999999999999645e+00 3.201372845292933089e+00
6.100000000000000000e+01 1.108949999999999960e+02 9.711873963928370301e+01
6.200000000000000000e+01 2.144000000000000341e+02 1.833779939757022532e+02
6.300000000000000000e+01 4.937500000000000000e+02 4.238068840815080875e+02
6.400000000000000000e+01 6.100000000000000533e+00 5.040913018228282638e+00
6.500000000000000000e+01 9.000000000000000000e+00 1.039661910978517234e+01
6.600000000000000000e+01 3.858019999999999641e+02 3.333857152138509718e+02
6.700000000000000000e+01 1.350000000000000000e+01 1.142111269035295429e+01
6.800000000000000000e+01 4.682009999999999081e+02 3.981511493800022663e+02
6.900000000000000000e+01 6.199999999999999289e+00 5.748046603674997534e+00
7.000000000000000000e+01 1.119999999999999929e+01 9.392950870060847279e+00
7.100000000000000000e+01 2.280999999999999943e+02 1.939430307098419632e+02
7.200000000000000000e+01 5.200000000000000000e+01 4.446734611430645856e+01
7.300000000000000000e+01 2.390000000000000000e+02 2.020887531392191931e+02
7.400000000000000000e+01 1.889999999999999858e+01 1.547462993009311027e+01
7.500000000000000000e+01 1.216000000000000085e+02 9.891769502553185589e+01
7.600000000000000000e+01 2.929999999999999716e+01 2.498357872745810226e+01
7.700000000000000000e+01 1.040000000000000213e+01 9.284922963239576887e+00
7.800000000000000000e+01 1.050000000000000178e+01 9.246557761686258203e+00
7.900000000000000000e+01 7.082999999999999545e+02 5.896682061103700789e+02
8.000000000000000000e+01 1.358099999999999909e+03 1.065121797623672137e+03
8.100000000000000000e+01 3.695000000000000000e+02 2.946606894828008194e+02
8.200000000000000000e+01 1.885999999999999943e+02 1.450561454603368361e+02
8.300000000000000000e+01 2.590900000000000091e+03 1.898283682995267100e+03
8.400000000000000000e+01 8.273009999999999309e+02 7.107314141526605908e+02
8.500000000000000000e+01 1.009999999999999964e+01 8.008134694143405952e+00
8.600000000000000000e+01 4.000000000000000000e+00 3.724046226977672625e+00
8.700000000000000000e+01 5.861989999999999554e+02 4.980759008236594809e+02
8.800000000000000000e+01 4.179020000000000437e+02 3.573151656244521064e+02
8.900000000000000000e+01 3.450000000000000000e+01 3.164205887699738184e+01
9.000000000000000000e+01 1.756999999999999886e+02 1.459699622446757417e+02
9.100000000000000000e+01 0.000000000000000000e+00 1.345764935347067981e-01
9.200000000000000000e+01 6.390000000000000568e+01 5.440586408305604493e+01
9.300000000000000000e+01 3.300000000000000711e+00 3.834737121107529845e+00
9.400000000000000000e+01 1.140000000000000213e+01 9.246481770000979594e+00
9.500000000000000000e+01 9.199999999999999289e+00 5.968070574499534153e+00
9.600000000000000000e+01 5.400000000000000355e+00 4.901581802519939579e+00
9.700000000000000000e+01 5.899999999999999467e+00 5.778878324618506923e+00
9.800000000000000000e+01 1.899999999999999911e+00 2.985427480458453520e+00
9.900000000000000000e+01 8.400000000000000355e+00 8.001297715267041255e+00
1.000000000000000000e+02 1.985999999999999943e+02 1.742790104357237908e+02
1.010000000000000000e+02 5.938010000000000446e+02 4.945373711852288352e+02
1.020000000000000000e+02 2.183000000000000114e+02 1.675777978046718886e+02
1.030000000000000000e+02 1.180099999999999909e+03 8.617759370695305279e+02
1.040000000000000000e+02 2.550400000000000091e+03 2.130080488489495110e+03
1.050000000000000000e+02 2.582989999999999782e+02 2.467638181122326557e+02
1.060000000000000000e+02 8.375000000000000000e+00 7.795580682935241867e+00
1.070000000000000000e+02 4.939999999999999858e+01 4.807964462582360454e+01
1.080000000000000000e+02 6.600000000000000533e+00 6.210419831477074659e+00
1.090000000000000000e+02 5.771029999999999518e+02 5.623911574349806415e+02
1.100000000000000000e+02 3.750000000000000000e+00 3.015344176508021334e+00
1.110000000000000000e+02 4.398999999999999133e+00 3.396511888557658843e+00
1.120000000000000000e+02 6.919490000000000691e+02 6.735370722908708103e+02
1.130000000000000000e+02 1.249899999999999878e+01 1.117285462052932488e+01
1.140000000000000000e+02 3.498999999999999666e+00 3.551278116603176382e+00
1.150000000000000000e+02 1.073000000000000114e+02 1.046892254922203591e+02
1.160000000000000000e+02 5.470000000000000284e+01 5.172879690861422830e+01
1.170000000000000000e+02 3.299999999999999378e+00 2.840342061984121536e+00
1.180000000000000000e+02 1.457999999999999829e+02 1.437852194000677173e+02
1.190000000000000000e+02 4.560000000000000142e+01 4.678386483648479555e+01
1.200000000000000000e+02 2.053000000000000114e+02 2.054677725117171008e+02
1.210000000000000000e+02 2.308849999999999909e+02 2.306096556462821923e+02
1.220000000000000000e+02 2.006000000000000227e+02 1.959799311264341668e+02
1.230000000000000000e+02 5.820979999999999563e+02 5.815561484852245258e+02
1.240000000000000000e+02 4.877999999999999545e+02 4.584094278430168288e+02
1.250000000000000000e+02 4.078000000000000114e+02 3.868134239550946063e+02
1.260000000000000000e+02 1.129900000000000091e+03 1.034784028914762757e+03
1.270000000000000000e+02 3.373990000000000009e+02 3.143626282705417907e+02
1.280000000000000000e+02 5.041999999999999886e+02 4.343035547957072708e+02
1.290000000000000000e+02 4.207000000000000455e+02 4.343321983909474966e+02
1.300000000000000000e+02 2.147999999999999829e+02 2.180368514778939755e+02
1.310000000000000000e+02 1.796399999999999864e+03 1.841643393761964717e+03
