0.000000000000000000e+00 5.626990000000000691e+02 5.840644953669154802e+02
1.000000000000000000e+00 6.940000000000000000e+02 7.332658402908152766e+02
2.000000000000000000e+00 1.433000000000000114e+02 1.468548398366872902e+02
3.000000000000000000e+00 8.959899999999998954e+01 9.293246980900414655e+01
4.000000000000000000e+00 1.002999999999999972e+02 1.097363515496639366e+02
5.000000000000000000e+00 3.600000000000000533e+00 3.208361407838134838e+00
6.000000000000000000e+00 2.000000000000000000e+00 3.421652984439312206e+00
7.000000000000000000e+00 4.001019999999999754e+02 4.218496250294298306e+02
8.000000000000000000e+00 8.900000000000000355e+00 8.873646319494845613e+00
9.000000000000000000e+00 3.799999999999999822e+00 4.008000261120437280e+00
1.000000000000000000e+01 3.100000000000000355e+01 3.248809438857259835e+01
1.100000000000000000e+01 3.377000000000000455e+02 3.545938010989239046e+02
1.200000000000000000e+01 1.960000000000000142e+01 2.045858610080338025e+01
1.300000000000000000e+01 7.000000000000000000e+00 7.626861836226003888e+00
1.400000000000000000e+01 5.299999999999999822e+00 5.601380098826739484e+00
1.500000000000000000e+01 4.700000000000001066e+00 5.924677088157034532e+00
1.600000000000000000e+01 7.199999999999999289e+00 9.002700067034087539e+00
1.700000000000000000e+01 3.800000000000000266e+00 4.941639567007992007e+00
1.800000000000000000e+01 6.691240000000000236e+02 7.263212329851023696e+02
1.900000000000000000e+01 1.709999999999999787e+01 1.846757724373297549e+01
2.000000000000000000e+01 1.669999999999999929e+01 1.816107010960921997e+01
2.100000000000000000e+01 4.946000000000000227e+02 4.960000238640220118e+02
2.200000000000000000e+01 4.380000000000000000e+02 4.582706168959070396e+02
2.300000000000000000e+01 2.332009999999999934e+02 2.347675857035503384e+02
2.400000000000000000e+01 6.500000000000000000e+00 4.528327760993393625e+00
2.500000000000000000e+01 5.699999999999999289e+00 4.295801237155951746e+00
2.600000000000000000e+01 8.210990000000000464e+02 8.143360240507167873e+02
2.700000000000000000e+01 1.280989999999999895e+02 1.321935844340485460e+02
2.800000000000000000e+01 3.974000000000000341e+02 4.041238052133429051e+02
2.900000000000000000e+01 1.319900000000000162e+01 1.285249354847676173e+01
3.000000000000000000e+01 3.563999999999999773e+02 3.623514967055514262e+02
3.100000000000000000e+01 1.040999999999999943e+02 1.022707010320039416e+02
3.200000000000000000e+01 1.159999999999999964e+01 1.151219550121333413e+01
3.300000000000000000e+01 2.035000000000000000e+02 2.018184467820418035e+02
3.400000000000000000e+01 4.200000000000000178e+00 4.179375708932499656e+00
3.500000000000000000e+01 1.109000000000000057e+02 1.120865874247592302e+02
3.600000000000000000e+01 9.100000000000000000e+01 8.852878785657324556e+01
3.700000000000000000e+01 7.299999999999999822e+00 7.638537291296678688e+00
3.800000000000000000e+01 7.100000000000001421e+00 7.280977537828912993e+00
3.900000000000000000e+01 7.000000000000000000e+01 7.356875528811426079e+01
4.000000000000000000e+01 5.162690000000000055e+02 5.218935362258607711e+02
4.100000000000000000e+01 1.290099999999999802e+01 1.355671816579852695e+01
4.200000000000000000e+01 6.480299999999999727e+01 5.997514583435118141e+01
4.300000000000000000e+01 7.099999999999999645e+00 7.253053123691067583e+00
4.400000000000000000e+01 6.600000000000000533e+00 6.669401733452566816e+00
4.500000000000000000e+01 8.301000000000001933e+00 1.074364181746686064e+01
4.600000000000000000e+01 8.599999999999999645e+00 8.832195291787680702e+00
4.700000000000000000e+01 1.960000000000000142e+01 2.029134861370982534e+01
4.800000000000000000e+01 7.715000000000000000e+02 7.845574386794586417e+02
4.900000000000000000e+01 2.247666999999999916e+03 2.266662887916127602e+03
5.000000000000000000e+01 2.899500000000000000e+03 2.998009720863616622e+03
5.100000000000000000e+01 8.621000000000000227e+02 8.450275953932394941e+02
5.200000000000000000e+01 4.556960000000000264e+02 4.322358626970351452e+02
5.300000000000000000e+01 4.700000000000001066e+00 3.600762154637731083e+00
5.400000000000000000e+01 4.449800000000000466e+01 4.254705580090920591e+01
5.500000000000000000e+01 1.662000000000000099e+01 1.403659738354850361e+01
5.600000000000000000e+01 2.600000000000000089e+00 2.559498307044798082e+00
5.700000000000000000e+01 5.181000000000000938e+00 6.965798371820219437e+00
5.800000000000000000e+01 2.579009999999999536e+02 2.509571923912752140e+02
5.900000000000000000e+01 4.799999999999999822e+00 4.468170800968923828e+00
6.000000000000000000e+01 5.599999999999999645e+00 3.944933745575021078e+00
6.100000000000000000e+01 1.108949999999999960e+02 1.109729548588536119e+02
6.200000000000000000e+01 2.144000000000000341e+02 2.056223777544506106e+02
6.300000000000000000e+01 4.937500000000000000e+02 4.756613287442322644e+02
6.400000000000000000e+01 6.100000000000000533e+00 5.895514784797981633e+00
6.500000000000000000e+01 9.000000000000000000e+00 1.160486183066119814e+01
6.600000000000000000e+01 3.858019999999999641e+02 3.748789713293685963e+02
6.700000000000000000e+01 1.350000000000000000e+01 1.266007267439566419e+01
6.800000000000000000e+01 4.682009999999999081e+02 4.438974334098199961e+02
6.900000000000000000e+01 6.199999999999999289e+00 6.451887625317968222e+00
7.000000000000000000e+01 1.119999999999999929e+01 1.080881514670785037e+01
7.100000000000000000e+01 2.280999999999999943e+02 2.184584242800364677e+02
7.200000000000000000e+01 5.200000000000000000e+01 4.940645885422273409e+01
7.300000000000000000e+01 2.390000000000000000e+02 2.249394042074857509e+02
7.400000000000000000e+01 1.889999999999999858e+01 1.704115957015398664e+01
7.500000000000000000e+01 1.216000000000000085e+02 1.120612183604018526e+02
7.600000000000000000e+01 2.929999999999999716e+01 2.780134669201679642e+01
7.700000000000000000e+01 1.040000000000000213e+01 1.020179356974619012e+01
7.800000000000000000e+01 1.050000000000000178e+01 1.063789538221426589e+01
7.900000000000000000e+01 7.082999999999999545e+02 6.795469921291226001e+02
8.000000000000000000e+01 1.358099999999999909e+03 1.273223115762034695e+03
8.100000000000000000e+01 3.695000000000000000e+02 3.462007349158195666e+02
8.200000000000000000e+01 1.885999999999999943e+02 1.780752531708704964e+02
8.300000000000000000e+01 2.590900000000000091e+03 2.420230434707080349e+03
8.400000000000000000e+01 8.273009999999999309e+02 7.947038433019267814e+02
8.500000000000000000e+01 1.009999999999999964e+01 9.767172134248987447e+00
8.600000000000000000e+01 4.000000000000000000e+00 4.011451731953405542e+00
8.700000000000000000e+01 5.861989999999999554e+02 5.565232990080808122e+02
8.800000000000000000e+01 4.179020000000000437e+02 4.021781046638770363e+02
8.900000000000000000e+01 3.450000000000000000e+01 3.330247840098223833e+01
9.000000000000000000e+01 1.756999999999999886e+02 1.625780396774712813e+02
9.100000000000000000e+01 0.000000000000000000e+00 9.953393855919649702e-02
9.200000000000000000e+01 6.390000000000000568e+01 5.851972896380196687e+01
9.300000000000000000e+01 3.300000000000000711e+00 4.247009580943509555e+00
9.400000000000000000e+01 1.140000000000000213e+01 1.004116085803179104e+01
9.500000000000000000e+01 9.199999999999999289e+00 7.995837929186495607e+00
9.600000000000000000e+01 5.400000000000000355e+00 5.742718152053980951e+00
9.700000000000000000e+01 5.899999999999999467e+00 6.327346019274797229e+00
9.800000000000000000e+01 1.899999999999999911e+00 2.099899741295638833e+00
9.900000000000000000e+01 8.400000000000000355e+00 8.725574455595580758e+00
1.000000000000000000e+02 1.985999999999999943e+02 1.892968797209938998e+02
1.010000000000000000e+02 5.938010000000000446e+02 5.601367457613928309e+02
1.020000000000000000e+02 2.183000000000000114e+02 1.988750831682528428e+02
1.030000000000000000e+02 1.180099999999999909e+03 1.075117425947232960e+03
1.040000000000000000e+02 2.550400000000000091e+03 2.456932553407836167e+03
1.050000000000000000e+02 2.582989999999999782e+02 2.620530897918122264e+02
1.060000000000000000e+02 8.375000000000000000e+00 8.493480759746102393e+00
1.070000000000000000e+02 4.939999999999999858e+01 5.412062143927214208e+01
1.080000000000000000e+02 6.600000000000000533e+00 6.730926400582723623e+00
1.090000000000000000e+02 5.771029999999999518e+02 6.063624103693814504e+02
1.100000000000000000e+02 3.750000000000000000e+00 3.614514147765218510e+00
1.110000000000000000e+02 4.398999999999999133e+00 4.110097203812408395e+00
1.120000000000000000e+02 6.919490000000000691e+02 7.152084330823621485e+02
1.130000000000000000e+02 1.249899999999999878e+01 1.281170587547951456e+01
1.140000000000000000e+02 3.498999999999999666e+00 3.827204632430252218e+00
1.150000000000000000e+02 1.073000000000000114e+02 1.127220456156080388e+02
1.160000000000000000e+02 5.470000000000000284e+01 5.381392567592802578e+01
1.170000000000000000e+02 3.299999999999999378e+00 3.079541440604491420e+00
1.180000000000000000e+02 1.457999999999999829e+02 1.514174914900435454e+02
1.190000000000000000e+02 4.560000000000000142e+01 5.130899246502428923e+01
1.200000000000000000e+02 2.053000000000000114e+02 2.168673643512725562e+02
1.210000000000000000e+02 2.308849999999999909e+02 2.431303484299373281e+02
1.220000000000000000e+02 2.006000000000000227e+02 2.050722005760829916e+02
1.230000000000000000e+02 5.820979999999999563e+02 6.143096447373604860e+02
1.240000000000000000e+02 4.877999999999999545e+02 5.091564078083583240e+02
1.250000000000000000e+02 4.078000000000000114e+02 4.195427959138777965e+02
1.260000000000000000e+02 1.129900000000000091e+03 1.170895748749340100e+03
1.270000000000000000e+02 3.373990000000000009e+02 3.509465431956816133e+02
1.280000000000000000e+02 5.041999999999999886e+02 5.189327321412756646e+02
1.290000000000000000e+02 4.207000000000000455e+02 4.736433085296715717e+02
1.300000000000000000e+02 2.147999999999999829e+02 2.354256667080945817e+02
1.310000000000000000e+02 1.796399999999999864e+03 1.968614092783831438e+03
